1000	3
0.353313	1.83514	-0.445479	0.145342
0.973205	1.8858	-0.592029	0.538448
-0.179357	1.18293	0.133824	0.0505518
-0.639821	1.93326	0.462325	0.223159
-0.681692	1.92898	-0.198584	-0.102178
-0.373089	1.07727	-0.355632	-0.330655
-0.298318	1.35701	-0.16953	-0.0800054
-0.0976897	1.88882	0.816034	0.0663858
-0.101901	1.74438	-0.079989	-0.00795513
0.875057	1.84417	0.939268	-0.794537
0.937498	1.61007	0.949095	-1.13623
0.803827	1.89892	0.093234	-0.0678011
-0.481613	1.93896	0.186132	0.0682455
0.225074	1.92264	-0.110019	0.0205593
-0.308512	1.26273	-0.829768	-0.467229
-0.791192	1.46751	0.948363	0.9686
0.179479	1.06647	0.952147	-0.458996
0.595691	1.47148	-0.675832	0.593124
-0.85931	1.56096	-0.0489212	-0.047663
0.948851	1.04447	0.502121	-1.44756
0.0614338	1.04392	0.59386	-0.101055
0.225135	1.58373	0.979553	-0.269849
0.183996	1.4879	0.403302	-0.102442
0.656178	1.22929	0.867489	-1.20942
0.695547	1.26911	-0.444441	0.61883
0.287942	1.23768	-0.452071	0.262486
0.0611896	1.71062	0.363506	-0.0229439
0.304544	1.33644	-0.492355	0.259768
0.640004	1.98242	0.929563	-0.485194
0.904599	1.65609	0.269753	-0.293465
0.319681	1.50517	-0.408002	0.178418
-0.638417	1.54094	0.114231	0.0866084
-0.403119	1.96619	-0.991516	-0.298155
-0.765252	1.5425	-0.733268	-0.657227
0.566149	1.00412	-0.961303	1.71653
0.743034	1.32237	-0.308573	0.424927
-0.0920743	1.17612	0.248634	0.0491966
0.338969	1.16303	0.800348	-0.622809
-0.559313	1.61007	-0.888363	-0.544558
-0.245643	1.42677	0.535569	0.189232
-0.633412	1.39796	0.0794397	0.072641
0.497787	1.74288	0.643849	-0.333111
-0.748405	1.91858	0.888302	0.5041
0.20951	1.06467	0.796319	-0.451003
0.284707	1.523	-0.000457778	0.000173509
-0.324625	1.14563	-0.245277	-0.176277
-0.292398	1.99524	-0.795282	-0.170259
0.911374	1.56441	0.307535	-0.378019
0.749565	1.53697	0.394635	-0.406098
0.815485	1.30515	-0.56444	0.882622
-0.815302	1.34944	-0.43791	-0.543852
0.68395	1.19904	-0.624928	0.95736
-0.989502	1.81515	-0.484359	-0.397103
0.655995	1.37745	0.170995	-0.18981
0.966857	1.4496	-0.213965	0.326958
-0.857112	1.40605	-0.790887	-0.947455
0.93231	1.8182	0.0550859	-0.0513974
-0.248146	1.08258	-0.672781	-0.416998
0.895505	1.12268	0.378399	-0.885866
-0.608631	1.1182	-0.311258	-0.428449
-0.54912	1.78179	-0.24247	-0.119265
0.391278	1.20444	-0.0968963	0.0815972
-0.132176	1.6827	0.497116	0.0687092
-0.17069	1.42454	-0.854427	-0.211984
-0.027253	1.49458	-0.496078	-0.0181077
0.09476	1.71764	-0.481063	0.046797
-0.380535	1.13117	-0.496872	-0.427057
-0.736564	1.28037	-0.144993	-0.182029
0.651112	1.75726	-0.694937	0.470211
-0.616504	1.50987	-0.168615	-0.128852
-0.76989	1.27375	-0.989135	-1.30745
0.506088	1.48448	-0.078341	0.0568515
-0.520127	1.61757	-0.356548	-0.202116
-0.49559	1.16919	-0.438337	-0.454226
0.789605	1.09653	-0.619922	1.32602
0.648793	1.64299	-0.753288	0.58083
-0.859004	1.97397	0.599841	0.365328
0.800348	1.80398	-0.676016	0.542153
-0.339335	1.24595	-0.413312	-0.262141
-0.799799	1.33821	0.265297	0.329134
-0.456709	1.64254	0.202551	0.0983719
-0.588305	1.36512	-0.55681	-0.498036
-0.221534	1.95587	0.410138	0.0697101
0.27427	1.22117	-0.859798	0.487779
0.990051	1.48033	0.437117	-0.657561
0.99823	1.43895	0.947325	-1.52206
-0.579028	1.26566	-0.125462	-0.128602
0.0163274	1.24699	0.100986	-0.00318629
-0.0868862	1.65923	0.353435	0.033175
-0.833186	1.97946	0.924009	0.544113
-0.109226	1.87338	0.881222	0.0813884
-0.544115	1.77136	0.614002	0.302942
0.111362	1.68383	0.70806	-0.0843716
-0.704581	1.94879	0.42729	0.222165
0.544176	1.46675	-0.0299387	0.024026
-0.0279244	1.72716	0.0730918	0.0020469
-0.570544	1.24726	-0.420759	-0.437957
-0.562548	1.33473	0.123081	0.110387
0.605152	1.87729	-0.852229	0.467296
-0.440229	1.59996	-0.303262	-0.149861
0.81695	1.51885	-0.607898	0.703289
0.996338	1.51399	-0.139866	0.20257
-0.797662	1.89962	-0.280801	-0.172454
-0.915464	1.42109	0.319559	0.398131
-0.297769	1.95669	0.791314	0.179292
0.857418	1.42955	-0.645741	0.889008
0.0663167	1.12128	0.0607624	-0.00967921
0.712943	1.4969	-0.233741	0.240241
0.622059	1.23981	-0.201025	0.260245
-0.3361	1.55165	0.173559	0.070322
0.323832	1.60552	0.272683	-0.10621
-0.293985	1.09336	0.49498	0.354754
-0.959166	1.41316	-0.304361	-0.40017
-0.074984	1.09058	0.211707	0.0397435
-0.172216	1.77151	-0.352886	-0.0571119
-0.235755	1.79421	-0.802484	-0.172247
-0.699881	1.83901	0.0607624	0.0352558
0.643788	1.43007	0.837275	-0.845122
0.460005	1.31578	-0.109043	0.0911107
-0.890133	1.75185	-0.955626	-0.763546
0.633778	1.04883	0.411054	-0.758547
0.151524	1.25019	-0.0940275	0.0277675
-0.156529	1.51808	0.0393994	0.00790444
-0.504379	1.54961	0.261391	0.156803
0.187292	1.08957	0.874447	-0.421768
-0.162511	1.30866	0.824274	0.230897
0.902951	1.77606	-0.00119022	0.00112357
-0.673452	1.89383	-0.273598	-0.144396
0.978454	1.45744	-0.664296	1.01756
0.459639	1.34867	0.850276	-0.675647
-0.289895	1.71191	0.65569	0.1891
-0.917356	1.85513	-0.727287	-0.53272
-0.263039	1.21357	-0.506333	-0.264346
-0.274148	1.10288	0.82165	0.540744
-0.947813	1.69543	-0.510117	-0.460924
0.229652	1.87698	-0.613025	0.122699
0.560656	1.37501	-0.735527	0.693204
0.83166	1.86157	-0.504196	0.39593
0.159642	1.12635	-0.370952	0.142309
-0.19425	1.2707	-0.0108341	-0.0038356
-0.675039	1.17481	-0.0285958	-0.039305
0.642567	1.57399	0.69158	-0.57507
0.0323801	1.32072	-0.718314	0.040133
-0.128452	1.4156	0.982482	0.186536
0.7846	1.2852	-0.24369	0.376839
-0.791681	1.95202	0.418378	0.241647
0.800958	1.34404	-0.51268	0.741334
0.0108341	1.38276	0.259377	-0.00441387
-0.696341	1.597	-0.348247	-0.266676
-0.702628	1.54393	0.182104	0.150459
0.559984	1.63579	-0.880062	0.585304
0.0695517	1.20167	-0.146641	0.0213378
-0.847774	1.64989	-0.249001	-0.214462
-0.362896	1.24818	-0.346294	-0.233515
0.1124	1.76849	-0.917051	0.0999966
-0.679373	1.48784	-0.0784631	-0.0676453
-0.692923	1.30647	-0.0877407	-0.0999342
0.549974	1.23508	0.888424	-1.01685
-0.939268	1.18546	0.633534	1.16123
-0.75811	1.65087	-0.752434	-0.583662
0.693289	1.76449	0.436811	-0.313542
-0.329508	1.74554	-0.716178	-0.224942
-0.315958	1.26081	-0.227515	-0.131508
0.0953093	1.40104	-0.0483718	0.00711385
0.805353	1.50035	-0.843928	0.985127
0.432844	1.73531	-0.536668	0.241891
0.0369579	1.52516	0.639027	-0.030572
0.493576	1.77377	-0.905942	0.448503
-0.355632	1.2385	0.367473	0.246819
-0.985534	1.83413	-0.727103	-0.58171
0.709586	1.40156	-0.153905	0.179522
0.143529	1.3899	0.8623	-0.194996
-0.0906095	1.53951	0.0542924	0.00617097
0.425214	1.58757	0.0786462	-0.0415729
0.684317	1.29469	0.695364	-0.914211
0.952147	1.17182	0.0260323	-0.0598509
-0.620472	1.10111	0.82934	1.19887
-0.572741	1.45109	0.552965	0.426774
0.728629	1.37733	-0.792291	0.984673
0.683462	1.2327	0.350688	-0.507908
0.425947	1.36637	-0.962218	0.687883
0.976135	1.5049	0.135777	-0.194558
-0.240577	1.91784	0.90875	0.174128
0.353923	1.15864	0.654347	-0.536531
0.589221	1.53142	-0.541429	0.433638
-0.132725	1.35789	-0.640065	-0.136409
0.619007	1.49248	0.304483	-0.270593
-0.446577	1.4022	0.197363	0.128732
-0.838374	1.54808	0.0400098	0.0387412
0.278176	1.21021	-0.773247	0.4532
0.696951	1.9263	-0.0129093	0.00781907
0.879757	1.00583	0.0912809	-0.261101
-0.289834	1.214	0.108615	0.0622758
0.891964	1.54259	0.820002	-1.01242
-0.161168	1.30598	-0.693777	-0.193555
-0.326701	1.37425	0.414655	0.208385
-0.521592	1.9444	0.488327	0.192093
0.290689	1.40123	-0.65453	0.299415
0.976501	1.90912	-0.455184	0.405453
0.241066	1.31431	-0.276284	0.118526
-0.394696	1.31944	0.966796	0.6326
0.305948	1.7474	-0.215369	0.0667826
-0.0812708	1.39293	-0.464339	-0.0578788
0.755119	1.06131	0.644826	-1.40279
-0.902463	1.00055	-0.452986	-1.12366
0.0133366	1.84014	0.348125	-0.00411886
-0.259865	1.0867	0.657643	0.423152
0.015656	1.5103	0.236549	-0.0048784
0.49321	1.10974	0.922056	-1.16528
0.0597247	1.12082	0.917661	-0.13167
0.204077	1.73144	-0.852412	0.177708
0.263955	1.37111	0.808832	-0.349933
0.154698	1.66543	0.609058	-0.103511
0.00955229	1.56859	0.66448	-0.00774652
-0.340495	1.5103	0.666921	0.288828
-0.766167	1.46632	-0.113681	-0.112879
-0.872311	1.16883	0.181921	0.320517
0.398053	1.99512	0.0301218	-0.00941123
-0.152928	1.71429	-0.941282	-0.144734
-0.370891	1.89016	-0.995483	-0.298942
-0.495529	1.93435	0.0382397	0.0144753
0.179785	1.24751	-0.741325	0.261623
-0.946959	1.88595	0.234718	0.171255
-0.785943	1.2476	0.0245064	0.0344179
0.228004	1.25794	-0.860347	0.380568
-0.741935	1.78851	0.667043	0.432093
0.0489822	1.78564	-0.872372	0.0404024
-0.295022	1.69246	0.655385	0.196701
-0.724601	1.01709	0.161718	0.316867
0.785211	1.62191	0.84051	-0.816796
0.253029	1.02377	0.648427	-0.481809
-0.350688	1.98282	-0.129063	-0.0333663
0.157811	1.79623	-0.508347	0.0757887
0.918271	1.03278	-0.0572832	0.162906
0.552355	1.70275	0.584094	-0.353343
-0.518235	1.27296	0.908567	0.82877
-0.325968	1.13102	0.511704	0.378832
0.721	1.11075	0.325541	-0.615073
0.222694	1.91241	-0.624928	0.116755
-0.0574664	1.86038	0.5374	0.026616
0.855525	1.96609	-0.395795	0.28738
-0.103671	1.52538	-0.372723	-0.0493097
0.383221	1.42274	0.708792	-0.418608
0.0468459	1.60634	0.28367	-0.0155228
0.0402539	1.91876	-0.681997	0.0224607
-0.960326	1.52187	0.547044	0.620849
-0.57622	1.41786	-0.133335	-0.108407
-0.207129	1.24946	0.30076	0.117283
0.0133976	1.44368	0.131321	-0.00253586
0.098178	1.6068	0.482101	-0.0555437
0.843135	1.61428	-0.23661	0.250812
-0.204749	1.33033	-0.42906	-0.145928
0.151463	1.49132	-0.749626	0.155511
-0.275002	1.8916	-0.783807	-0.175884
0.93347	1.60808	-0.385723	0.460724
-0.968322	1.94623	-0.873165	-0.610535
-0.492111	1.75448	-0.11887	-0.054337
-0.784112	1.56307	-0.154027	-0.137517
0.751579	1.79427	0.169774	-0.128565
0.890927	1.0546	-0.0200507	0.0528986
-0.222266	1.09619	-0.589892	-0.320218
-0.285318	1.44981	-0.866573	-0.343094
-0.188513	1.70196	0.453108	0.0868274
0.708243	1.5446	0.443587	-0.425158
0.0787072	1.25358	-0.0661946	0.0100251
0.376446	1.1529	0.471175	-0.415996
-0.0619831	1.08957	-0.0600909	-0.00935423
0.977416	1.79415	0.537828	-0.542993
0.486129	1.41014	-0.42729	0.329393
0.174535	1.7098	-0.350871	0.0639601
0.717521	1.64351	-0.883236	0.758267
-0.574389	1.9328	0.164342	0.0716882
0.25895	1.73138	0.00833155	-0.00221653
-0.959899	1.2602	0.609058	1.00767
0.98413	1.62386	0.355693	-0.441718
0.139073	1.52797	0.737663	-0.133682
-0.304605	1.45711	0.679983	0.284016
-0.978759	1.68285	-0.625233	-0.590465
-0.221717	1.30137	0.0427564	0.0164284
0.927122	1.91409	0.961669	-0.804662
-0.445601	1.64382	-0.920286	-0.435862
-0.851253	1.67132	-0.653798	-0.550841
-0.784112	1.52913	-0.101718	-0.094891
-0.888119	1.88266	0.437239	0.301867
0.981079	1.15143	-0.41789	1.02862
0.696646	1.21842	0.143651	-0.217374
0.704764	1.2927	0.426069	-0.579945
0.931639	1.95297	-0.20951	0.169298
-0.126377	1.96799	0.246498	0.023829
0.524522	1.97739	-0.809565	0.343837
0.946104	1.58257	0.428205	-0.535984
0.744316	1.94098	-0.99292	0.635833
0.629566	1.46562	0.0299387	-0.0280926
-0.809931	1.46873	0.2219	0.231216
-0.840876	1.4326	-0.475265	-0.538859
-0.780145	1.0463	0.661794	1.31246
-0.792596	1.68252	-0.152623	-0.118782
-0.482101	1.6017	-0.0933561	-0.0502099
-0.0341502	1.46821	-0.385479	-0.0182581
0.708243	1.17539	-0.270669	0.448002
0.443342	1.22336	-0.0828578	0.0770505
0.312967	1.47871	0.769646	-0.341156
-0.627491	1.80819	0.214331	0.116117
0.970275	1.7195	0.665761	-0.725861
-0.441511	1.87323	0.829035	0.299704
0.906613	1.95209	-0.39732	0.311861
0.287698	1.66366	-0.384869	0.123573
-0.539964	1.50688	-0.554308	-0.37518
0.795465	1.51759	0.772515	-0.869633
-0.77868	1.90094	-0.448531	-0.269012
-0.988403	1.47801	0.79223	0.978625
-0.65508	1.14737	-0.754692	-1.05735
-0.87878	1.46333	0.362712	0.410486
-0.956481	1.69814	-0.93469	-0.84888
-0.863094	1.95181	0.00601215	0.00376166
-0.548448	1.48827	-0.543687	-0.382875
-0.0659505	1.75329	-0.498337	-0.031864
-0.810236	1.83517	-0.102084	-0.0681561
0.296121	1.79601	-0.967223	0.274506
-0.674551	1.4004	0.719962	0.695969
0.711417	1.56908	-0.288125	0.268898
0.255776	1.17374	-0.653615	0.373603
0.194494	1.5576	0.961058	-0.235719
-0.409223	1.61296	-0.332072	-0.150538
-0.462752	1.3155	0.380108	0.29144
-0.365337	1.7936	0.916013	0.301079
-0.634144	1.361	0.491928	0.475105
0.799127	1.81585	0.0582598	-0.046038
0.445723	1.48021	0.349223	-0.223072
0.492477	1.90426	0.598315	-0.256399
-0.911496	1.9097	0.681631	0.468396
0.953063	1.7485	-0.00759911	0.0078555
0.517991	1.86254	-0.705435	0.333263
-0.612232	1.7904	0.950194	0.51303
-0.101779	1.59075	-0.938414	-0.112092
0.894406	1.49367	-0.0975677	0.128868
0.671682	1.26536	0.32371	-0.436727
0.223731	1.25886	0.160497	-0.0695325
-0.862911	1.02719	-0.923521	-2.08586
-0.258278	1.69518	0.995239	0.261595
-0.921873	1.24351	0.235633	0.385865
-0.780572	1.55666	0.293558	0.263148
0.974853	1.92111	-0.225257	0.197779
-0.432661	1.91791	0.840999	0.284456
-0.852962	1.00253	0.87817	2.06008
0.58861	1.22803	-0.105075	0.13073
-0.659963	1.53142	-0.308512	-0.244325
-0.500595	1.86962	-0.206214	-0.0843727
-0.986084	1.04169	0.0398877	0.0989818
-0.387799	1.88028	-0.851436	-0.26972
-0.800714	1.63045	-0.140172	-0.117271
0.437422	1.70241	0.93231	-0.441445
0.469955	1.63472	-0.684194	0.378768
0.793939	1.32579	0.772271	-1.13673
0.621326	1.28251	-0.111118	0.134265
0.568712	1.11335	-0.793939	1.1587
0.270058	1.74236	-0.61803	0.169512
-0.215674	1.07065	0.838191	0.463127
-0.936033	1.28871	0.0454421	0.0702593
0.873104	1.46229	0.478317	-0.641963
-0.242042	1.45012	0.118381	0.0399119
0.762627	1.61702	0.707755	-0.670402
0.321146	1.64132	-0.722709	0.267042
0.803278	1.62648	0.148839	-0.147425
-0.255348	1.52556	0.0169378	0.00543628
-0.03708	1.54884	0.266396	0.0123074
-0.432539	1.83175	0.115329	0.0427527
-0.671743	1.80978	0.0478225	0.0275722
0.578417	1.18781	0.312235	-0.407592
-0.967956	1.86987	-0.352824	-0.26717
0.938169	1.35588	0.391644	-0.661665
-0.471541	1.02615	-0.713919	-0.915913
0.343852	1.68444	0.272195	-0.102484
0.907712	1.56194	-0.370342	0.454645
-0.918516	1.26032	0.712638	1.13227
-0.0721152	1.47539	-0.25016	-0.0246851
-0.872555	1.76812	-0.913572	-0.70356
-0.0974456	1.83306	-0.0972625	-0.00838035
-0.878414	1.0734	-0.377789	-0.794297
0.752922	1.53029	-0.0722983	0.0754133
0.28666	1.6679	0.790033	-0.251436
0.684194	1.02338	-0.622547	1.30973
0.46849	1.96472	-0.60509	0.231142
0.303995	1.55403	-0.242897	0.0946011
0.660512	1.64809	-0.340556	0.266014
-0.16422	1.63833	-0.260964	-0.0471252
0.913694	1.47685	0.394879	-0.546166
-0.371441	1.26609	0.17777	0.119152
0.659413	1.7488	0.519456	-0.359726
0.687307	1.47746	0.423566	-0.429621
0.448286	1.67345	0.93878	-0.47199
0.681692	1.87609	0.0795618	-0.0496098
0.171117	1.80203	-0.603442	0.0970565
-0.896786	1.32759	0.209082	0.29289
-0.75866	1.0466	0.600513	1.15976
0.162572	1.70363	0.332865	-0.0568593
-0.779473	1.31672	0.958739	1.1996
0.914853	1.18934	-0.393414	0.840197
-0.784295	1.02799	-0.105625	-0.218072
0.214881	1.50349	-0.412336	0.120171
-0.678823	1.32688	0.176855	0.19156
0.684683	1.50548	-0.760063	0.739459
-0.340922	1.44728	0.27488	0.129794
0.177343	1.21445	-0.469344	0.17236
0.455367	1.79614	0.647206	-0.287136
0.490646	1.3599	0.401227	-0.335824
0.307718	1.78161	-0.609668	0.182943
0.572558	1.35087	0.28605	-0.285602
-0.379376	1.67281	-0.989441	-0.387717
0.416608	1.11646	0.969237	-1.01409
0.340495	1.53948	-0.471908	0.210566
-0.477889	1.7553	-0.351482	-0.156089
-0.119358	1.18915	-0.0922575	-0.0230858
-0.561693	1.46544	0.879147	0.653151
0.720389	1.62374	0.188391	-0.166413
0.774468	1.93158	0.836604	-0.564715
-0.143223	1.49852	0.906369	0.170978
0.390545	1.34745	0.330302	-0.221808
0.320902	1.0163	0.724601	-0.697777
-0.466292	1.67644	0.451582	0.214756
0.599353	1.24378	-0.161107	0.199192
-0.295511	1.72268	0.919736	0.266871
-0.72393	1.62926	-0.0122379	-0.00933662
-0.723014	1.2288	-0.667776	-0.894584
-0.225623	1.1518	-0.0119327	-0.00595391
-0.398358	1.65493	0.888913	0.373019
-0.010712	1.6654	0.912351	0.0105598
-0.252663	1.65551	-0.00875881	-0.0023627
0.105258	1.24653	-0.443037	0.0909932
-0.567553	1.67852	0.671377	0.383943
-0.759026	1.33259	0.980468	1.16854
-0.690481	1.69176	-0.679617	-0.460109
0.00503555	1.77511	0.862484	-0.00413702
-0.152928	1.91742	-0.0713828	-0.00877361
-0.169286	1.25529	0.503098	0.159448
-0.142369	1.75594	0.253945	0.0346828
-0.66216	1.44069	-0.311686	-0.27978
0.485458	1.92489	0.262001	-0.108237
-0.807978	1.42698	-0.344768	-0.379721
-0.540208	1.35658	-0.92407	-0.772055
0.247047	1.03574	0.236122	-0.167264
0.874447	1.71276	0.787164	-0.771379
-0.581835	1.04749	0.201758	0.303315
0.929685	1.61074	0.0593585	-0.0703508
-0.0132756	1.06919	0.111423	0.00387674
-0.780145	1.93866	0.760369	0.439232
0.134129	1.08872	0.853023	-0.29352
-0.489731	1.09259	0.125217	0.146914
-0.304971	1.48167	0.782525	0.316466
0.780084	1.72048	0.442	-0.379016
0.655202	1.93292	0.186132	-0.10479
-0.140294	1.73083	-0.791375	-0.109644
0.0464187	1.04248	-0.0507523	0.00653361
0.509323	1.04633	0.3867	-0.568666
0.867244	1.92639	0.0708945	-0.0544234
-0.476119	1.97339	-0.980895	-0.343427
-0.280251	1.52174	-0.740532	-0.261532
-0.342143	1.24912	0.346355	0.220307
-0.732414	1.19367	-0.463485	-0.665958
-0.913694	1.93887	-0.116733	-0.0779914
-0.378948	1.2317	-0.188757	-0.136284
-0.982665	1.51411	-0.0260933	-0.0305514
-0.396283	1.55486	0.0174261	0.00824265
0.18009	1.77276	0.356731	-0.0624516
0.797418	1.03119	0.8764	-2.14251
0.49736	1.88867	0.515427	-0.226884
0.546251	1.89001	-0.0843837	0.0409486
-0.448653	1.9277	-0.706717	-0.244984
0.979308	1.38643	0.285684	-0.484054
-0.27842	1.76254	-0.321757	-0.0841681
-0.164403	1.79495	-0.583178	-0.0878311
0.360698	1.58605	-0.941465	0.420138
-0.310099	1.58229	-0.0892056	-0.0321497
-0.667898	1.2877	0.862056	0.976472
-0.661611	1.87167	-0.501938	-0.266743
0.91052	1.94406	-0.424421	0.337481
0.858394	1.67782	0.681753	-0.682219
-0.313456	1.70641	0.940672	0.294553
0.451521	1.49718	0.0640584	-0.040541
-0.0143132	1.57595	-0.109897	-0.00189732
0.874081	1.29951	0.576586	-0.981075
0.638661	1.05597	-0.217444	0.399115
0.290933	1.41481	-0.84991	0.381694
0.994812	1.597	0.942686	-1.22497
-0.980346	1.86642	0.0217597	0.0167309
-0.912595	1.21967	-0.303018	-0.511039
0.104038	1.99133	0.129063	-0.0102652
0.0995819	1.84393	0.235389	-0.0208904
0.221473	1.34028	0.140172	-0.0530196
-0.0157781	1.79162	-0.0069277	-0.000101997
0.341472	1.48381	0.859371	-0.413989
0.520981	1.79177	0.0807825	-0.0414889
-0.947447	1.09528	0.283486	0.613545
-0.516526	1.72521	0.8399	0.415799
-0.173193	1.16037	-0.288003	-0.109243
0.207007	1.42598	0.12009	-0.0374519
0.928343	1.00027	0.288369	-0.884817
-0.0741295	1.23341	-0.38493	-0.0558566
-0.538621	1.61779	0.414411	0.242778
-0.947142	1.78805	-0.201453	-0.16355
-0.570238	1.3079	-0.108066	-0.102243
-0.658681	1.9097	-0.0710776	-0.0361324
-0.098117	1.14005	0.64745	0.145206
0.858638	1.41398	-0.514634	0.725321
-0.305277	1.44401	0.745293	0.317643
-0.84167	1.53838	0.511643	0.50351
-0.352275	1.44237	0.334574	0.164176
0.212317	1.38386	-0.0746178	0.0253562
0.811579	1.29115	-0.538011	0.855167
0.808649	1.5634	0.151891	-0.164018
0.976684	1.64275	0.559374	-0.673082
-0.512741	1.20167	0.710929	0.720381
-0.845088	1.06012	-0.860469	-1.78984
0.913022	1.68386	-0.126926	0.134935
0.165136	1.80657	-0.950377	0.146682
0.139561	1.22394	-0.540208	0.153118
-0.399335	1.34315	-0.20951	-0.133785
-0.262673	1.54515	0.535813	0.172325
-0.568712	1.90686	-0.834284	-0.370399
-0.506211	1.8558	0.388714	0.163145
0.556505	1.44212	-0.878414	0.746712
0.605701	1.99503	-0.946837	0.460143
-0.961608	1.5443	0.329508	0.363621
-0.795099	1.23347	-0.0320139	-0.0464943
-0.253029	1.56648	0.098178	0.0296211
0.957213	1.8721	-0.592456	0.536818
0.995788	1.271	0.833186	-1.71116
0.583056	1.61205	0.346355	-0.247563
0.690176	1.99359	0.730766	-0.408927
0.735832	1.79714	-0.345134	0.254633
0.79461	1.8612	0.963683	-0.720411
0.969298	1.17661	0.232215	-0.540111
0.802301	1.78594	0.522202	-0.428433
0.799127	1.93445	-0.894833	0.62307
0.617054	1.37327	-0.618397	0.646933
0.349651	1.49644	-0.0796838	0.0386778
-0.930296	1.15873	-0.987671	-1.87828
-0.965697	1.19297	0.866451	1.60847
0.454939	1.34632	0.691214	-0.545267
0.395062	1.3401	0.149266	-0.10256
0.224647	1.09156	0.857967	-0.496441
0.86877	1.83557	-0.0613727	0.0519915
0.576342	1.97543	-0.860836	0.404742
-0.885861	1.07111	-0.520371	-1.10731
-0.638478	1.27799	0.885128	0.975746
-0.137608	1.96512	0.0470901	0.00496571
-0.222633	1.60891	0.380413	0.0960156
-0.692679	1.34187	-0.121311	-0.130932
-0.0665609	1.00668	-0.448286	-0.0877463
-0.930235	1.85656	-0.599475	-0.444054
0.856441	1.412	0.246742	-0.347758
0.00881985	1.30561	-0.800653	0.0124389
-0.935972	1.06827	0.258156	0.580827
0.859615	1.60323	0.56328	-0.618293
-0.25132	1.53996	0.458235	0.142114
-0.895444	1.06455	0.241737	0.525931
-0.886044	1.2808	0.942503	1.4029
-0.122471	1.0463	0.627552	0.208069
-0.241554	1.66475	0.212378	0.0542225
0.313639	1.57299	-0.916318	0.359739
-0.561998	1.72863	-0.601611	-0.321383
0.842647	1.45653	0.874569	-1.13803
-0.673635	1.19913	-0.409711	-0.539481
0.71984	1.71429	0.369182	-0.292332
-0.72808	1.30757	0.754143	0.898059
-0.137913	1.93622	0.110935	0.0120764
0.769585	1.06168	-0.283425	0.628941
0.0422681	1.77065	0.239845	-0.00974176
-0.314554	1.67061	0.547533	0.179483
0.953673	1.01108	0.869198	-2.68904
0.431379	1.32643	-0.389569	0.299467
-0.168676	1.00397	0.600146	0.296297
-0.461531	1.16773	-0.162145	-0.157379
0.462203	1.38005	0.657704	-0.502052
-0.320292	1.60134	0.666433	0.241973
-0.222083	1.56682	-0.599048	-0.159045
-0.620045	1.87371	-0.210791	-0.105163
-0.941404	1.29209	-0.549547	-0.849653
-0.810358	1.47877	0.700369	0.720247
-0.676321	1.46226	0.630543	0.560422
0.224525	1.29722	0.164403	-0.0673179
0.00820948	1.51885	-0.398663	0.00425964
-0.0508744	1.90204	0.500534	0.0210094
-0.240699	1.77136	0.700064	0.157323
-0.853877	1.86593	-0.833552	-0.565032
-0.604175	1.3914	-0.627491	-0.554001
-0.575182	1.79183	0.819269	0.416361
0.998779	1.86682	0.911252	-0.870411
0.62566	1.78002	-0.934324	0.590426
0.995972	1.87069	0.2631	-0.249487
0.325419	1.77599	0.743828	-0.237969
0.216651	1.8319	0.693167	-0.137223
-0.410749	1.3292	-0.951353	-0.637345
-0.52562	1.11954	-0.673757	-0.805321
0.40025	1.36674	-0.61626	0.412653
0.536546	1.80309	-0.703299	0.367944
-0.923338	1.26609	-0.272195	-0.430602
0.609851	1.54558	0.662465	-0.540323
0.710623	1.42869	-0.188025	0.211403
0.957518	1.45512	0.632923	-0.949582
0.475021	1.32991	0.748772	-0.6334
0.222449	1.78344	-0.724784	0.15553
0.811029	1.28187	-0.802667	1.29342
-0.293802	1.34785	0.943663	0.444768
-0.7434	1.51448	-0.0674764	-0.0610698
0.496628	1.58531	-0.52147	0.325292
0.278481	1.283	0.0661946	-0.0345584
0.202734	1.35258	-0.00814844	0.00276498
0.159093	1.17414	-0.609485	0.214418
-0.614002	1.08844	-0.958312	-1.40381
-0.973571	1.22941	0.630238	1.10982
-0.173132	1.87783	-0.541185	-0.0783563
0.742973	1.56117	-0.950194	0.938712
-0.211646	1.42827	-0.73925	-0.225324
-0.158177	1.42842	-0.881954	-0.201923
0.672658	1.112	-0.764092	1.33688
-0.732963	1.88855	-0.974242	-0.559623
0.176855	1.16593	0.142491	-0.0566148
-0.417951	1.77718	0.0488601	0.0186189
0.478744	1.0032	-0.701773	1.05184
-0.183325	1.5121	-0.719962	-0.17006
-0.623646	1.49925	0.889828	0.697176
0.469527	1.69527	-0.616077	0.316828
0.922483	1.1933	-0.152013	0.325454
0.624012	1.32536	0.0013123	-0.00149164
-0.828486	1.72542	0.874874	0.674516
-0.0782189	1.25532	0.495773	0.0732529
-0.53618	1.62639	-0.585131	-0.337716
0.51677	1.96112	-0.85406	0.36303
-0.565538	1.92444	-0.711478	-0.308494
0.353679	1.35395	-0.110019	0.0660131
-0.0711997	1.04962	-0.398968	-0.0768051
-0.566088	1.89328	0.576525	0.258512
-0.540574	1.33207	0.652638	0.565887
-0.60979	1.26801	0.619312	0.664136
0.017243	1.12537	0.15775	-0.00645449
-0.0550859	1.03293	-0.764885	-0.117823
0.192236	1.37101	0.38316	-0.119862
-0.0731529	1.43913	0.326456	0.0343409
0.925291	1.37355	-0.918027	1.48845
-0.290017	1.91256	0.790155	0.182646
-0.9588	1.80898	-0.408063	-0.327298
0.474837	1.83032	-0.147008	0.0656268
-0.732475	1.66256	-0.580065	-0.429673
-0.179662	1.05121	0.191992	0.0919918
-0.0414136	1.0123	-0.686209	-0.082853
-0.770684	1.699	-0.647328	-0.481387
0.488449	1.46809	-0.535203	0.382561
0.953673	1.59584	0.577685	-0.717396
0.477584	1.76449	-0.652699	0.315427
0.297952	1.12955	-0.154332	0.111442
-0.0516678	1.61812	0.03708	0.00218384
0.28428	1.83129	0.95996	-0.251264
0.395367	1.61733	-0.10416	0.049175
-0.473739	1.16944	-0.848201	-0.841593
0.873898	1.74288	-0.466048	0.440749
-0.915464	1.65337	0.138707	0.127666
-0.212745	1.24458	-0.802484	-0.323766
0.359294	1.91247	0.140782	-0.0430347
-0.641346	1.14881	0.436018	0.597347
-0.0450758	1.59841	-0.72631	-0.0382701
-0.959471	1.76586	-0.669546	-0.563937
-0.825129	1.3733	0.235267	0.285259
-0.39787	1.33515	-0.0418409	-0.0269436
-0.379559	1.52348	0.553697	0.261709
0.595752	1.51024	-0.618458	0.515325
0.527879	1.49663	0.106296	-0.0793409
-0.425581	1.87152	0.533067	0.186379
0.231788	1.5305	0.401532	-0.122025
-0.918271	1.18812	0.165929	0.296581
-0.258522	1.1446	0.49736	0.287012
0.294473	1.85595	0.813471	-0.214959
-0.89349	1.22828	0.65154	1.06265
-0.466292	1.93973	-0.31547	-0.112063
-0.715812	1.40718	-0.885617	-0.896278
0.908933	1.67165	0.882382	-0.947116
-0.149388	1.9263	0.137181	0.0163246
0.379742	1.22971	-0.491867	0.385179
0.368938	1.0777	0.520432	-0.514955
0.758965	1.26115	0.356853	-0.552815
0.795282	1.85382	0.126499	-0.0954083
0.885372	1.05591	-0.726371	1.89851
0.212683	1.63881	0.971007	-0.235697
0.623829	1.63701	-0.925474	0.68932
-0.311869	1.99814	0.0423292	0.00961932
-0.258217	1.44148	-0.517991	-0.188252
0.393658	1.60158	-0.871029	0.417462
0.326395	1.84753	-0.950499	0.281868
0.576098	1.65572	0.905637	-0.605852
0.486923	1.67876	-0.215918	0.117645
0.743583	1.5421	0.59563	-0.603614
0.8905	1.11621	-0.614978	1.44752
-0.183508	1.29005	0.938658	0.304912
0.445173	1.29423	0.942198	-0.786227
0.212806	1.67898	-0.805048	0.186285
0.436079	1.37394	0.830805	-0.602022
-0.844905	1.78973	0.765801	0.558786
0.874996	1.20249	-0.344951	0.686259
-0.854671	1.33552	0.950926	1.25936
0.000396741	1.9024	-0.327494	0.000107707
0.808161	1.72079	0.649892	-0.5789
-0.989563	1.01874	0.43376	1.12904
0.401654	1.13068	-0.308206	0.302649
0.472152	1.30741	-0.359172	0.312382
0.484909	1.66698	-0.799249	0.439733
-0.31492	1.99808	-0.284402	-0.0652476
-0.233314	1.24204	0.222449	0.0986289
0.826594	1.54161	-0.472701	0.537674
-0.709647	1.25156	-0.00564592	-0.00716502
-0.774834	1.57048	0.403729	0.353137
-0.919553	1.58486	-0.000457778	-0.000460434
0.849055	1.19407	-0.805292	1.57213
0.44377	1.93463	-0.461165	0.171654
-0.699881	1.94043	0.0206	0.0107359
0.528916	1.25092	-0.751457	0.804547
0.534043	1.76672	-0.330119	0.179007
-0.249672	1.1793	-0.973205	-0.511375
-0.582812	1.71947	0.661489	0.369641
-0.468001	1.05097	0.459517	0.557993
-0.652272	1.15546	0.00552385	0.00760044
-0.234046	1.08121	-0.690603	-0.405308
-0.251381	1.06091	-0.0632649	-0.0413497
0.667898	1.50426	-0.80047	0.759543
-0.458907	1.05567	0.599353	0.707928
0.589282	1.05435	-0.469161	0.792814
0.977905	1.26518	-0.910215	1.84907
0.0685141	1.11924	-0.821223	0.135676
0.701651	1.50957	-0.342204	0.339951
-0.778985	1.66726	0.860714	0.671315
0.853389	1.32459	-0.521653	0.832192
0.726554	1.30894	-0.49205	0.675023
-0.269753	1.31541	0.491684	0.22392
0.427412	1.22364	-0.23899	0.213802
0.136021	1.37635	-0.393841	0.0860074
0.148961	1.78484	-0.915036	0.130301
-0.567675	1.51674	0.331217	0.232024
-0.956297	1.18055	0.2266	0.425739
-0.370281	1.53258	-0.106479	-0.0485603
0.796747	1.77316	0.0478225	-0.0395038
-0.0912198	1.69015	0.34843	0.0330776
0.658742	1.99854	-0.565172	0.299356
0.980773	1.05582	-0.626881	1.83454
0.746269	1.89697	-0.768914	0.51696
-0.0641194	1.25101	-0.426313	-0.0520641
0.613514	1.51677	0.243995	-0.207962
0.934263	1.34938	-0.50029	0.849461
-0.988342	1.06821	-0.435469	-1.02977
0.52031	1.49522	0.394879	-0.290831
0.255654	1.44786	0.975463	-0.366251
-0.264565	1.73037	-0.740226	-0.191161
0.964415	1.23322	0.349956	-0.736817
-0.181616	1.59618	0.325175	0.0682985
0.384198	1.0849	-0.0800501	0.0815212
-0.637135	1.45524	0.770196	0.653517
0.287942	1.31535	0.354595	-0.182291
-0.394879	1.27555	-0.271218	-0.189971
0.823542	1.81588	-0.996887	0.813959
0.280862	1.96558	-0.447737	0.100469
0.905637	1.19883	0.658925	-1.3697
0.482162	1.36668	0.19071	-0.155173
0.0638142	1.53774	0.0489212	-0.00398614
0.399518	1.82357	0.669424	-0.251315
-0.68218	1.09726	-0.804926	-1.28084
0.0114444	1.98926	-0.781487	0.00678818
-0.0945158	1.5652	0.0781579	0.00896132
0.928648	1.30564	0.915036	-1.6485
0.787713	1.15067	-0.0851772	0.165023
0.961669	1.55397	-0.0358592	0.0473995
-0.955626	1.12717	-0.920164	-1.89521
0.814386	1.12308	0.239296	-0.50461
-0.188635	1.5949	0.523606	0.114332
-0.143712	1.31623	-0.348186	-0.0854204
0.537156	1.0448	0.692618	-1.0805
0.444807	1.23826	0.601489	-0.547847
0.311136	1.34675	-0.281533	0.149539
-0.990844	1.69738	-0.598498	-0.561825
-0.918699	1.68502	-0.766472	-0.681413
0.312662	1.2454	-0.564806	0.352593
-0.0113224	1.34925	-0.132237	-0.00246452
0.236427	1.09186	-0.866207	0.527833
-0.948912	1.78304	-0.487411	-0.398609
-0.676931	1.28449	-0.0847499	-0.0977
0.276162	1.52019	0.0692465	-0.02553
-0.568834	1.38029	0.244423	0.207148
-0.776849	1.22806	0.869503	1.24679
0.432722	1.95721	-0.788324	0.279235
0.322062	1.648	-0.475021	0.174613
0.189367	1.86544	-0.264199	0.0439638
-0.867977	1.40541	-0.12949	-0.157077
0.308634	1.21351	0.920896	-0.597455
0.450117	1.07859	0.169958	-0.206576
-0.326212	1.85141	0.493454	0.136434
0.991638	1.18894	-0.896603	2.09464
0.694571	1.67766	0.858516	-0.683031
-0.471908	1.53719	0.492172	0.281589
0.90405	1.58385	-0.606311	0.720665
0.120823	1.17783	0.507126	-0.134122
0.171056	1.38249	0.404767	-0.11057
-0.31547	1.92825	-0.518479	-0.127936
0.65923	1.77047	-0.0682089	0.0460722
-0.189428	1.27125	0.674368	0.23273
-0.00167852	1.38069	0.586535	0.00154909
0.810175	1.45808	0.645375	-0.802861
-0.817866	1.40013	-0.943785	-1.09194
-0.430403	1.17438	0.564013	0.506249
0.728141	1.20154	-0.913755	1.49115
0.282388	1.92328	-0.972472	0.229193
0.871273	1.07971	0.898373	-2.2065
0.686636	1.93027	-0.938292	0.556987
-0.727226	1.62246	-0.63628	-0.491593
0.350078	1.5088	-0.830683	0.397129
0.148717	1.6072	-0.916562	0.160699
0.0465407	1.07028	0.825434	-0.10108
-0.880917	1.72338	0.0785241	0.0642143
0.615345	1.93991	0.949034	-0.496067
-0.308573	1.99982	0.311563	0.0699594
0.138035	1.47823	-0.147191	0.0282844
-0.626331	1.69353	0.00106815	0.000658546
0.0509354	1.33097	-0.762383	0.0660987
-0.786798	1.69619	0.895383	0.681008
0.190161	1.56005	-0.789422	0.188632
-0.671682	1.35835	0.599353	0.613356
-0.00936918	1.57567	0.309183	0.00349704
-0.0149846	1.15088	0.942564	0.0319421
0.37492	1.815	0.3596	-0.127562
0.232154	1.89642	-0.511399	0.101389
0.528794	1.6216	0.941771	-0.599874
-0.719352	1.5403	-0.129856	-0.110191
0.0143132	1.40019	0.51616	-0.0113211
0.958495	1.71413	0.932371	-1.00918
-0.231361	1.47368	-0.852107	-0.266175
-0.0633259	1.79876	-0.0613727	-0.00358088
-0.271523	1.78341	-0.514023	-0.128166
-0.746696	1.94772	0.581164	0.319327
0.355022	1.26966	0.471236	-0.322803
-0.787957	1.70327	-0.507309	-0.38317
0.462813	1.07739	0.40788	-0.511551
-0.745964	1.56063	0.637562	0.545154
0.729911	1.27177	0.786737	-1.149
0.136814	1.22596	0.596912	-0.16527
-0.668813	1.14969	-0.154637	-0.220019
0.964476	1.5056	0.634266	-0.896008
-0.451521	1.11789	-0.456893	-0.473842
-0.464095	1.87295	0.753105	0.285647
-0.786004	1.10144	-0.336711	-0.606761
0.374859	1.91986	0.0127873	-0.00405341
0.692312	1.17667	0.383343	-0.617815
-0.0828578	1.22785	-0.612537	-0.100164
0.0461745	1.20911	0.127415	-0.0121288
-0.0862148	1.82214	-0.309488	-0.0239032
-0.682119	1.34947	-0.918149	-0.965857
-0.591235	1.4199	0.794794	0.660193
0.735649	1.92309	0.663625	-0.427463
-0.0805383	1.28071	0.804132	0.117508
0.378216	1.16346	-0.263894	0.229897
0.936766	1.7337	0.226905	-0.234082
-0.35313	1.01624	-0.284646	-0.282033
0.818537	1.52058	-0.184973	0.213961
0.0537431	1.49971	-0.851253	0.0613519
0.82635	1.08109	0.813471	-1.88089
0.589404	1.47713	0.13596	-0.117083
0.698599	1.93893	0.16715	-0.10018
-0.468245	1.79949	0.339274	0.140595
0.0181585	1.55272	0.00192267	-4.35219e-05
0.246864	1.24058	-0.446638	0.220365
-0.0363475	1.49773	-0.3184	-0.0154216
-0.429548	1.0929	-0.878231	-0.908483
0.0843226	1.7684	-0.794977	0.0648543
-0.0143132	1.35032	0.145665	0.00342544
-0.241554	1.46175	-0.122044	-0.0404149
-0.714042	1.69378	0.687002	0.478781
-0.7669	1.24528	-0.657582	-0.906123
-0.0204779	1.6469	-0.736503	-0.0166479
-0.149876	1.95132	0.408551	0.0475316
-0.400983	1.9039	0.125278	0.0399726
0.489486	1.50215	-0.035493	0.024287
0.588183	1.57445	-0.661672	0.500432
0.654408	1.27793	0.793695	-1.02094
0.780084	1.57115	-0.171361	0.176202
-0.761467	1.11893	0.645436	1.09433
0.927671	1.20081	0.512925	-1.09119
-0.906491	1.53227	0.644826	0.684809
0.528733	1.84481	-0.290445	0.142925
0.320414	1.46992	0.334025	-0.15352
-0.431257	1.04407	0.432112	0.491653
0.974242	1.3925	0.56389	-0.941694
0.0264595	1.97162	-0.827021	0.0169327
-0.137486	1.34956	-0.651967	-0.145643
-0.69689	1.79931	0.631275	0.381096
-0.427778	1.62221	0.905698	0.423561
0.399335	1.47694	0.780694	-0.446591
0.0386059	1.20985	-0.298502	0.0237106
0.911985	1.55974	-0.0401318	0.049662
-0.888363	1.2266	0.591235	0.961842
-0.971984	1.57433	0.543382	0.582653
-0.0597247	1.22733	0.451094	0.0533374
-0.123081	1.6259	0.477645	0.0659046
0.826106	1.73559	-0.84106	0.754287
0.143651	1.14725	0.780206	-0.259182
0.749504	1.91946	-0.250771	0.165443
0.969787	1.49583	0.261208	-0.376113
0.289712	1.58245	0.24247	-0.0866673
-0.85461	1.14701	0.481735	0.864869
0.399884	1.528	0.292642	-0.156628
0.658315	1.13147	0.557909	-0.921306
-0.295267	1.04715	-0.339335	-0.266261
-0.920652	1.75027	-0.885495	-0.731047
-0.0869472	1.88919	-0.148106	-0.010731
0.266274	1.09354	-0.275002	0.188729
-0.165807	1.73293	0.309427	0.0504171
0.714103	1.12009	0.804071	-1.47859
0.598621	1.00873	-0.428632	0.80467
-0.175207	1.63961	-0.608203	-0.116869
-0.734001	1.04437	-0.958922	-1.80355
0.651601	1.1146	0.835078	-1.40558
0.304971	1.06082	-0.274636	0.230305
-0.447615	1.37883	-0.718741	-0.485917
-0.302835	1.63677	-0.280007	-0.0921649
0.911435	1.78597	-0.595447	0.561623
-0.0916471	1.02951	-0.380169	-0.097722
0.901852	1.57695	0.130222	-0.155723
0.924558	1.30454	-0.359111	0.64491
0.424421	1.01489	0.567553	-0.732687
0.227577	1.71148	-0.674978	0.160988
0.110508	1.70547	-0.856441	0.0987076
0.230384	1.27808	-0.501144	0.21704
-0.125767	1.12314	-0.689505	-0.20367
0.55211	1.29902	-0.071688	0.0744778
0.19248	1.32878	-0.577685	0.192635
-0.15006	1.39735	0.0967132	0.021968
0.323893	1.80847	0.692007	-0.212477
0.970885	1.2617	-0.00595111	0.0120596
0.309183	1.92288	-0.199072	0.0515327
-0.791437	1.13138	-0.0213324	-0.0366674
-0.934446	1.24552	-0.0131535	-0.0217379
-0.310587	1.74575	0.917783	0.272143
0.457015	1.71947	0.532762	-0.258886
-0.384442	1.91214	-0.82281	-0.249937
-0.870357	1.69683	-0.227943	-0.190162
-0.476974	1.20945	0.862239	0.805069
0.407941	1.16926	-0.739677	0.690287
0.103122	1.75143	-0.73925	0.0753324
-0.107761	1.47661	0.891171	0.130725
0.752678	1.51418	-0.0364696	0.0388412
0.842708	1.11798	0.708792	-1.56559
0.0967132	1.61016	0.86932	-0.098236
-0.782769	1.61269	-0.764824	-0.640449
0.531968	1.18851	0.493881	-0.589334
-0.388287	1.28944	0.538804	0.36338
-0.394696	1.48793	0.926328	0.47662
0.571703	1.04871	-0.722098	1.19439
0.0327464	1.08579	0.668874	-0.0559195
-0.936583	1.16831	0.797662	1.50137
0.618946	1.70214	0.713614	-0.487524
-0.449507	1.73159	0.301798	0.129894
-0.484237	1.15213	-0.213111	-0.222455
-0.624195	1.87786	-0.594653	-0.297222
0.399945	1.32554	0.997131	-0.709274
-0.750542	1.42717	0.253517	0.260689
0.515305	1.52525	-0.611866	0.428681
-0.170385	1.14484	-0.886532	-0.339953
0.356975	1.2504	-0.609241	0.432747
0.923399	1.60848	-0.834712	0.984676
-0.676016	1.68163	0.120579	0.0809986
0.960448	1.94662	0.373699	-0.314345
-0.811579	1.84866	0.14658	0.0965885
-0.633778	1.25959	-0.919248	-1.03596
0.96643	1.85144	-0.999634	0.935956
-0.47264	1.93307	-0.445296	-0.161342
-0.017365	1.69631	-0.442671	-0.00800044
-0.547533	1.93963	0.421735	0.174574
-0.15183	1.41987	0.75457	0.167932
-0.764702	1.2183	0.943907	1.35529
-0.0372631	1.33119	-0.839228	-0.0527457
-0.725028	1.95004	-0.266091	-0.141912
0.268532	1.53343	-0.0671712	0.0236479
-0.851253	1.63478	-0.0287179	-0.025289
0.563646	1.51259	-0.0685141	0.0536614
0.319071	1.94922	0.749382	-0.195018
0.983337	1.63009	-0.523118	0.644105
0.734672	1.04416	0.0946989	-0.206616
0.528367	1.95157	-0.350932	0.154201
0.108371	1.85824	-0.297342	0.0283021
-0.993347	1.11191	0.434065	0.951714
-0.528794	1.79876	0.781549	0.363947
-0.288247	1.98077	0.629139	0.134779
-0.238685	1.4011	0.838435	0.298697
0.838313	1.8793	0.502731	-0.390747
-0.0385449	1.94684	-0.973937	-0.0295998
0.278054	1.13239	0.00534074	-0.00357361
-0.104465	1.12384	-0.952391	-0.233874
0.303995	1.94494	0.0976897	-0.0242901
0.487167	1.27607	-0.160253	0.151198
0.981506	1.09326	-0.250221	0.683524
-0.683523	1.23557	-0.429243	-0.539668
-0.802911	1.84692	-0.377483	-0.246746
-0.0574664	1.78851	0.150914	0.00808714
-0.784845	1.00537	0.618885	1.33674
-0.0702231	1.1157	-0.295511	-0.0496642
-0.0918912	1.07913	0.635914	0.149166
